5342660
4599213
5726104
3951056
5726108
5726086
5726109
5726092
5726093
5726125
4651584
5726128
4710232
5726102
5726087
5726110
5726115
5726119
4668284
5726122
4470235
5726095
5726096
5726100
5726084
5726658
5343976
5726113
5726116
5726117
5726118
5726120
5726123
5726140
5726126
5726127
5726129
5726105
5177329
5376263
5726085
5726133
4939980
5726135
5726088
5726111
5628708
4446272
5726114
5726139
5846778
5726121
4394547
5389326
5726141
5726103
5726143
5726089
5772601
5726112
5368188
5726137
5726091
4367573
5284242
5726147
5726131
5726101
5726149
5846088
5726700
4938373
5033524
5326237
5326628
5726153
5726693
4793043
4395246
5726154
5726144
5554353
5726145
5006831
4756988
5726148
5726165
5726177
5726695
4762732
5203573
5265796
5726170
5350395
5726168
5726158
5726659
5726160
5726159
4788101
5723101
5726098
5726660
4516842
5726151
5726176
5726155
5726156
5726169
4870889
5726174
5726083
5726162
5726150
5726163
5726184
5726166
5726187
5726179
5726192
5726190
5726183
5726136
5726188
5726193
5726194
5726205
5846779
5726661
5726207
5726197
5726199
5726208
5726202
5726203
5726204
5726175
5726198
5726146
5726221
5726222
5726224
5726225
5726227
5726185
5726229
5726230
5726138
5726182
5726195
5726226
4854009
5726216
5726234
5726239
5726235
5726242
5726243
5726244
5726237
5726245
5726231
5726213
5726232
5726233
5726240
5726200
5726238
5726247
5726196
5726223
5726254
5726191
5211322
5159897
5097693
5726258
5726209
5726266
5726250
5726217
4936466
5726255
5726256
5190120
5772603
5726228
5772602
4470758
5726275
5726251
5726269
5726279
5726259
5726212
5726272
5726263
5726274
5726268
5726277
5726241
3870961
5726257
5846089
5726281
5726290
5726292
5726273
5726265
5726276
5726295
5726289
5726285
5726252
5726253
5726282
5726248
5726303
5726305
5726288
5726306
5726307
5726319
5726271
4994716
5726264
5726314
5726286
5726326
5726662
5726270
5726298
5281052
5726308
5726310
5772604
5092949
5726312
5726322
5726323
5726331
5726304
5726315
5726316
5348611
5726332
5726317
5726260
5726302
5726313
5726267
5726340
5726333
5726342
5726343
5726335
5726261
5726336
5726338
5726339
5726324
5726349
5726353
5726297
5726341
5726355
5726334
4798745
5726311
5726354
5726365
5846091
5726318
5726367
5481014
5726368
5726370
5726284
5726337
5726371
5846090
5726361
5726362
4123243
5726663
5772605
5726356
5726344
5578196
5726369
5726348
5726360
5635695
5726686
5726378
5726309
5726386
5726329
5726393
5249906
5726358
3929475
5726328
5726382
5726389
5726372
5726390
5726392
5726363
3949476
5070985
5726394
5726350
5726395
5726384
3896658
5726398
5846092
5726399
4795659
5726401
5726364
5726400
5726374
5726391
5726402
5726379
5726410
5726412
5726413
5726419
5726403
5726411
5726408
5726409
5726417
5726385
5726418
5726406
5726424
5726425
5726429
5726416
5726396
4666965
5772606
5726404
5846093
5726387
5726428
5726414
5726436
5726397
5726432
5726422
5726434
5726407
5726435
5726437
5726447
5726448
5726439
5726440
5726459
5726438
5726405
5726461
5726430
5726453
5726420
4712014
5726455
5726470
5726415
5726465
5726421
5726423
4849514
5726449
5726460
5726451
5726464
5089830
5726446
5726457
5726472
5726485
5726484
5726488
5726489
5726469
5726471
5726494
5726487
5726486
5726496
5726433
5726490
4930879
5726499
5726476
4256134
5726482
4981769
5726502
5726478
5442301
5726452
5726462
5726508
5726509
5726518
5726520
5726523
5726516
5726456
5726524
5726510
5726521
5726504
5726525
5165607
5164169
5058642
5024877
5127706
5056748
4669309
5063547
5726985
5057838
5008420
4077937
5064617
4831708
5562135
4783467
5726986
4081041
5726984
5177518
5062703
4641504
5062256
4946018
4907630
5011759
5489997
5488224
5772607
5644678
4781537
4767002
4438010
4903957
5846094
4139508
4435671
4458294
4776541
4976863
4769415
4673460
4363127
4108972
5036817
4570167
5026049
4622595
4086405
5039824
5056004
5062592
3882278
4835732
4831256
4397876
5200743
5726987
4933321
4744207
4790420
5013424
5057202
5279611
4462131
4984271
5282854
4806228
4659808
4946412
4646754
5724623
4838740
5063502
5117670
5327033
4163542
5065880
4966497
5052211
4683294
5066318
5726988
5183444
4444150
4946458
4043881
5638044
5772608
4671231
4380456
5717094
4847471
5154670
5061932
5250958
4399206
5846096
5019692
4778837
4490418
4502602
5621657
4471440
5295342
5030988
5039111
5721587
4699580
5091902
5729272
5716959
5222689
4417566
5729270
5772609
5583375
5002577
5723516
5729271
5278924
4650506
4080764
5060404
5727097
5727100
5727096
5727083
5727077
5727091
5727069
5727065
5727059
5727079
4051092
5522421
5727115
5727094
5727114
5846097
3961782
5727084
5727104
5727085
5727058
5727062
5727122
4469107
5017427
3927790
5727057
5727056
5727118
5727090
5727109
5727076
4842188
5129236
4887994
4563938
4522466
5197396
4937630
5729273
4983816
5846098
5610312
4376125
4603617
4839410
5653602
4656333
4855446
5496098
5064405
5846099
4311544
5007097
4708508
4404712
5727110
5727117
4142811
5727113
5727111
5727126
5727146
5727142
5727164
5727165
5727127
5727130
5727152
5727160
5727161
5727162
5727163
5727166
5727138
5727143
5727154
4691019
5727178
4579591
5727167
5727119
4599860
5727180
5727174
5727176
5357104
5727144
5727153
5727151
4467146
5018576
4806204
5727187
5727189
5727131
4707570
5727135
4513733
5727191
4604057
5727186
5727188
5727179
5727205
5727185
5727196
4939742
4786809
5727141
5727183
5727203
5424716
4450859
4930183
5729274
5727195
4571613
5727200
5189384
4516362
4392863
5727201
5727202
5727158
5292318
5727213
5846780
5727216
5727217
5727175
5727218
4446010
4395538
4045597
5158578
5342653
5729275
4113338
5727215
5727199
5846102
5727198
5653969
5238331
5326814
4478422
4469797
5727225
4050245
5846781
5727219
5727210
5727237
4407385
5202391
5049506
5727228
5727224
5359692
4386190
4983374
5846104
5727221
5662972
5391040
5727184
5727211
4929485
5729299
5202394
5653628
5727255
5727256
5727230
5727223
5727231
5727226
5727232
5727248
5846103
5356858
4791769
5122490
5727227
5727220
5727259
5727236
5727260
5727261
5729297
5727229
5727245
5727258
4612935
5727233
5727250
4603797
5727251
3975966
5727262
5727265
5727246
5727206
5573362
5266006
5727263
5727264
5727271
5727269
5727273
5727276
5727238
5727283
5727280
5727253
4702585
5253259
4666094
5727266
5727268
4554356
5600568
5727272
5727274
5356081
5727275
5214151
5324049
4348130
4643603
4622654
4190932
4456447
5727239
5727267
5727295
5727281
5727296
5381952
5727300
4549534
4773729
4605687
4373189
5727303
5385789
5727291
5727284
5729298
5727293
5729300
5846784
5727285
5846520
5727288
5846783
5570868
5384252
5846782
5727290
4804833
5729276
4788905
5727298
5846105
5727282
4138774
3859540
5727278
4116634
5772610
5729277
5727313
3993549
5727315
5727292
5727305
5727317
5727318
4142425
5727312
5727320
5727277
5727302
5118968
5727322
5339563
5846106
5727314
3985729
4028853
5727325
5727297
5727330
5121788
5727307
4401377
3951082
5304385
5727340
5107237
5188348
5727326
5727341
5727309
5729301
5727328
5727310
5727319
5727331
3998169
5727346
5727332
4148935
5727335
5727336
3849876
5727337
5727294
5727316
5727257
4887408
5727289
5727343
5727344
5727329
5727304
5727333
5727334
5727357
5727358
5727350
4038369
5251003
5727361
5727342
5727363
5727367
5727353
5598425
5727345
5282257
5727347
5727356
5727349
5729278
5727360
5727362
5727351
5727368
5727365
4737242
5727324
5727383
5727385
5215690
5727364
5727380
5726506
5727369
5727371
5727373
5727378
5727379
5727391
5727382
5727381
5727407
5727386
5727397
5727374
5727398
5727400
5727392
5727393
5727384
5727408
5727390
4657983
5727411
5727370
5727348
5727377
5727413
5727425
5727426
5727410
5727418
5727406
5727396
5727431
5727399
5727415
5727417
5727414
5727412
5727416
5727403
5727420
5727409
5727436
3877145
5727394
5633204
5727438
5727444
5727448
5727432
5651624
5727434
5727441
5727428
5652954
5846107
5727451
5727405
5727453
5727430
5846108
5727454
5727449
5727450
5727442
5462123
4019104
5727429
5727395
5727446
5727445
5846110
5084687
5052760
5248631
5250366
5371163
5727424
5486014
3878819
5729302
5846109
5729303
4956846
5727465
5727440
5727457
5727459
5727470
5727447
5727484
5727471
4925357
4297981
3965498
4855375
5084103
5086668
5727437
5727478
5727469
4799805
5727462
5727466
5727483
5727477
5727490
5727435
5727456
5727455
5727452
5727479
5727492
4949326
4788803
5727482
5727458
5727472
5727463
5727498
5727443
5727486
5727500
4395032
5727485
5727467
5727505
5727519
5727515
5727503
5727488
5846112
5727439
4320959
5727475
5727525
5727531
5727520
5727476
5727499
5727487
5727506
5727529
5727493
5727507
5727524
5727508
5727516
5727496
5727497
5727527
5727513
5727523
5727510
5727512
5727518
5727533
5727514
5727509
5514768
5722908
5846113
5846114
5133543
4092287
5179044
4982999
5129867
4599970
5846117
4470784
5800371
5729305
5726492
5729306
5729279
5727572
5729282
5727568
5727575
4142696
5727576
5727591
5727594
5846116
5727602
5727600
5727601
5727606
4334835
3991438
5727607
5727610
5727611
3978156
5727577
5727571
5727615
5727579
5727613
5727592
5729280
5610328
5727597
3972103
5727605
5727566
5727565
5727608
3850544
4878839
5727585
5727616
5727589
5727593
5727573
5727626
5727584
5727617
5727587
5727590
5729281
5846785
4683564
5727596
5716594
5727582
5727588
5727643
5727635
5727636
5727569
5727638
5727581
5729307
5727629
5727586
5727644
5727567
5727570
5727623
5727627
5727646
5727640
5727634
5846118
5727631
5727603
5613059
5727637
5727639
5727654
5727598
5033938
5727655
5846119
5727652
5727625
5727658
5727666
5727661
5727651
5727621
5727657
4975469
5727614
5653129
5727619
5706026
5011595
5727663
5727656
5727622
5727665
4658180
5727647
5727669
5727653
5727632
5727662
5727672
5727674
5727628
4095814
5727688
5729283
5846522
5377046
5727676
5727671
5727664
5727677
5727678
5156662
5632788
5846122
5727686
5727668
5727682
5727689
5727690
5727648
5727683
5727659
5727687
5727701
5727703
5727692
5727704
5727695
5727706
5727711
5727699
5727697
5424794
5727700
5727716
4137450
5727708
5153656
5727702
5727693
5727712
5727713
5729284
5727718
5727685
5727684
5846120
5727725
5727714
5727738
5727728
5727675
5727717
5727722
5727707
5176069
5727726
5727739
4711970
5727744
5727691
5727724
5727705
5727736
5727749
5727727
5727755
5727715
5729314
5727766
5727760
5727762
4830225
5727723
5727753
5727754
5727741
4984210
3850573
4136323
5727761
5727719
5727769
5727765
5727759
5727737
5727770
5727763
5727710
5727746
5727764
5727775
5727779
5727780
5727734
5727720
5727748
5727745
5727750
5727793
5727788
5727795
4632319
5727797
5727789
4805254
5727781
5727733
5727758
5727776
5727777
5727756
5727786
5727787
5727782
5727778
5727806
5215575
5727743
5727742
5727774
5727784
5727785
5727772
5846121
5727810
5727802
5727796
5727805
5688335
5716948
5290487
4815628
5727819
5727808
5727821
5727757
5727747
4550405
4090142
5381687
5727815
5727773
4428042
5727809
4421725
4993996
4833029
5727800
5727833
5727811
4110507
5616127
4927667
5727816
5727791
5727831
3971342
5484508
5727842
5727803
5727834
5727851
5727825
5727817
5727832
5727852
5727847
5727835
5616496
5727848
5727849
5727850
4375907
5632422
5727818
5727829
5727839
5727840
5727837
5727826
5727828
5727843
5727846
5727854
5727794
4905134
5727836
4880594
5727864
5727861
5727860
5727823
5727822
5727871
5727838
5727827
5281691
4138785
5727866
5727853
4170090
5727863
5727873
5727892
5727862
5727870
5727887
5727872
5727874
4121271
5727814
5727884
5772614
5727869
5727893
5727857
5727901
5727896
5727897
5727891
5727886
5727855
5231957
4705212
5727888
5727894
4818605
5236102
5282074
5727868
5727911
5438139
5727902
4955107
5727917
5727885
5727915
5727899
5727875
5727909
5727916
5727867
5727908
5772615
5727921
5727924
5729286
5727914
5727925
5727940
5727858
5727943
5846123
3993861
5727944
5727947
5727935
4862958
5727946
3967021
5727904
5727938
5727952
5727953
5630737
3996833
5727918
5727907
5727955
5727956
5846523
5727926
5500334
5727951
5727939
5727906
5727930
5727936
5727941
5727934
4393395
5846124
5729285
5727937
5727950
5727932
4827173
5727931
5727958
5727963
4295848
5772613
5727961
5846786
5727954
5727968
5727988
5846125
5727989
5727957
5772616
5846787
5846126
5727992
5727945
5727985
5727942
5727929
5727928
5727975
5727969
5727960
5727987
5727999
5727993
5727994
5727973
5729317
5727995
5727965
5727979
5728004
3992857
5727998
5728008
5728001
5727949
5728003
5727978
5727971
5728017
5728007
5728010
5728011
5726493
5728012
5728013
5728014
5728018
5728020
5728021
5728030
5728022
5728023
5728034
5727967
5727990
5728016
5728019
4820441
5728028
5728006
5728009
5729318
5729315
5846127
5728041
5497593
5728033
5728024
5355242
5728038
5728031
5728047
5727983
5728025
5728042
5846129
5727986
4340182
5728045
5305889
5728029
5728046
5728040
5728057
5726517
5728059
5728050
5846128
5728032
5728043
5728052
5728036
5728044
5728054
5728081
5728070
5772617
4693496
4954677
5728072
5728065
5728086
5728062
5728048
5728088
5728063
5728074
5728053
5728089
5728092
5728060
5728056
5728067
5728087
5728093
5728073
5728075
5728055
5728083
5728058
5728078
5728091
4971818
4987328
4888443
4824876
5772618
5094260
5846130
5713097
4851499
4696989
4842109
5846788
5846131
5728123
5728126
5728127
5728115
5724651
5846789
5728137
5728124
5728128
5728120
5728143
5728146
5728147
4658666
5728149
5728130
5728119
5728152
4715587
5728129
5728135
5494066
5712011
5728158
4725768
5728138
5728161
5728142
5728145
4136324
5111857
5728125
4083056
5728159
5728116
5728151
5728154
5728133
5728165
5728156
5728141
5728164
5728155
5728132
5728166
5728176
5728139
5728144
5728160
5728168
5728174
5728153
5122488
5728171
4435116
5728140
5729316
5728178
5728182
5728183
5728173
5728184
5728117
5728136
5728175
5728188
5728181
5846790
5728196
4431054
5728169
5728187
5728189
5728191
5728192
5728177
5728194
5728200
5728201
4098831
5772619
5728202
5728208
5728180
5728204
5271719
5728185
5728206
5728190
5728193
5729319
5728179
5728209
5728131
5728205
5265568
5728213
5728122
5728172
5728222
5728199
5728218
5728219
5728225
5728212
5728197
5728216
5728223
5728217
5728207
5728210
5728221
5728231
5728242
5728198
5728233
5466035
5728237
5728246
5728238
5728226
5728211
5728253
5728220
5728254
5728234
5728235
5728236
5728224
5728250
4871030
5728203
5728251
5728230
5342665
5728241
5728244
5729287
5728255
5728245
5728258
5728259
5728260
4676967
3971589
5728227
5728239
5728240
5728232
5728278
5728280
5728256
4575649
5728268
5728282
4787631
5728247
5728273
5728252
5728229
5728276
5728277
5637141
5728264
5728266
3991644
5728281
5728283
5728271
5728269
5728297
5728228
4433487
5728285
5728286
5728288
5728279
5728290
5728274
5728298
5728287
5728299
5729288
5728311
5728315
5728292
5728270
5728305
4965591
5728307
5728284
5728243
5772620
5728291
5728329
5728295
5728261
5728306
5772621
5728308
5728319
5728321
5728263
5728332
5728327
5728304
5728318
5728289
5728331
5728333
5728330
5728343
5728309
5728317
5728336
5728340
5728349
5728350
5728346
5728348
5728323
5728313
5728303
5728353
5728358
4799718
5728293
5728357
5728347
5728366
5728302
5500117
5728334
5728360
5159643
5728363
5728367
5728352
5728359
5728376
5728371
5728365
5728341
5728312
5728375
5728370
5728316
5630415
5728310
4646019
3905059
5728377
5728395
5728389
5292799
5703941
5728391
5514781
5728383
5728393
5251717
5772673
5728364
5728338
5728398
5728384
5728399
5728386
5649249
5728362
5728396
5728402
5728392
5728409
5728414
5728417
5728410
5728408
5728368
4159973
5728373
5728404
5728418
5846132
5728422
5728381
5728415
5728416
5728426
5728427
5728387
5728406
5728420
5728425
5728413
4428220
4712399
5728438
5728432
5728433
5728431
5728429
5728430
5728440
5140314
5652872
5728450
5728442
5729308
5728428
5728452
5728444
5728435
5728445
5728436
5728439
4932745
5728448
5728405
5143705
5686139
5846134
5728443
5728446
5728460
5728456
5728411
5728457
5728447
5646727
5728423
5728471
5728472
5728453
5728463
5728464
5728407
5728462
5846135
5728437
5728455
5728465
5728466
5728484
5728412
5728451
5728474
5728473
5728461
4296514
5729289
4455349
5728469
5728510
5728490
5728483
5728475
5728485
5728502
5728478
5728500
5728492
5190108
4771650
5137279
5728486
5728499
5728521
5728494
3892208
5728503
5728482
5728523
5728497
5728527
5248609
5728528
4089321
5728516
5728517
5728508
5728476
5728519
5728468
5390284
5728489
5728540
5728479
5728532
5728495
5728538
5728524
5728513
5728543
5728520
5728536
5728530
5728531
5728542
5728535
5728550
5728549
5728544
5728546
5728575
5728577
5728572
5605846
5728571
5728584
5728580
5728582
5728581
5728576
5717236
5706784
5728585
5281063
5704417
5846136
4744622
5284902
5728589
4368146
5728600
5728603
5728609
5728610
5728630
5728596
5728594
5093751
5728598
5728601
5728602
5728608
5706527
5728612
5728616
5728614
5728592
5728623
3928972
5728622
5728628
5846137
4796183
5728617
5728632
5201878
4513749
5728595
5728599
4746681
5728607
4620201
5728629
4666826
5728631
5728625
4007579
4654132
5728583
4898585
5382750
3976986
4082640
5728606
5728641
4654835
5728646
5846525
4433717
4524794
5334320
5728652
5010179
5728604
5728643
5728624
5728626
4750401
5728648
5728649
5728651
5728639
5728653
5728656
5728654
5728621
5728644
5728660
4028176
5728637
5728638
5728650
5728655
5728667
5728668
5728669
5728640
5667644
5728635
5846526
5723774
5513257
5728665
5728636
5728645
5728680
5728658
5728672
5728685
5728096
5728681
5728657
5728682
5728618
5361017
5728647
5697041
5728684
5728686
5728697
5846138
4943708
5728688
5728675
5728677
5728670
4784599
5728691
4158349
5728693
5728662
5728627
5728615
4134687
5728683
5728701
5728687
5846139
5728689
4688202
5728692
5728671
5729290
5728673
5586390
5728702
5728703
5728674
5728711
5408311
5728699
5728700
5728663
5728722
5728713
5728712
5728714
5728717
5728695
5728706
5728707
5728739
5728710
5728678
5728705
5728745
5728730
5728719
5728749
5728741
5728752
5728746
5728743
5628550
5728748
4114550
5728735
5728723
5728755
5728756
5728728
5728759
5728763
5846141
5728721
5728732
5728734
5728738
5728765
5728742
5728751
5728750
5728725
5728737
5728696
5728758
5728724
5728736
5846527
5728784
5846142
5728773
5728774
5017108
5728709
5652958
4985453
5846140
3972787
5728716
5728764
5728767
5728770
5728771
5728783
5728772
5728769
5728775
5728782
5728776
5728786
5728760
5728795
4815255
5728791
5728793
5012135
5728747
5728807
5728754
5728817
5728813
5728788
5728805
5728809
5728827
5728810
5728800
5728777
5728785
5728826
5728799
5728789
5728815
5728796
5728797
5728768
5728830
5728792
5728828
5728778
5728818
5728824
5728806
5728820
5728835
5728821
5728834
5728838
4878153
5026994
5846143
4512849
5413373
5127132
4754092
4519622
4468667
4605625
5516486
4604344
4674085
5021506
4036319
5390450
5125841
5846144
5729309
4609105
4960539
5382796
4930299
5653988
4951065
3938411
5846529
5729321
5238205
5846528
4805636
4627601
5206446
5728870
5728873
5728856
4631891
5604827
5728860
5728886
4999653
4997197
5728871
5728897
4793668
5728874
5728857
5728883
5728864
5728868
5728891
5846145
5728892
5329588
5728906
5728903
5284444
5728859
5728882
5728885
5728866
5728899
5728896
4961017
4289284
5728880
5728884
5728863
5729322
5728890
5728910
5288748
5728895
5728911
5385146
4806833
5728902
5728912
5729320
4605999
4406320
5728904
5206885
5728907
4749194
5728914
4974294
4692815
5329360
5729327
5728924
5728894
5728881
5728916
5728925
5728917
5728879
5728933
5728922
5265783
5728929
5728923
5165292
5728931
4947199
4002750
5728928
5728934
5728915
4860727
5280506
5728938
5728939
5728940
5728926
5259197
3891345
5222842
5728944
5728875
5728927
5128435
5729292
5728920
4472089
5846146
5728918
5728919
5846147
5728877
5728935
4984716
5728948
5728908
5728943
5728956
5728913
5728945
5728960
5728947
5728937
5728952
5728953
5679495
4912504
5728888
5728955
4110701
5728959
5846148
5669133
5728949
5728973
5728941
5728981
5728970
5728988
5728971
5728972
5418650
5772623
4144002
5728946
5728979
5728984
5728989
5728958
5728976
5728994
5728980
5728932
5728982
5728967
5728985
5728930
5728977
5728995
5728965
5728996
5052636
5728998
4786796
5037889
5728974
4839932
5729003
5728991
5728978
5728990
5729000
5729001
5155772
4754615
5728987
5728993
5728975
5729006
4779774
4710780
5218779
5729018
5728983
5729002
5729008
5729020
5729026
5729005
5729028
5729293
4461618
5729021
5729294
5728969
5729016
5729019
5197011
5729009
5728957
5687625
4433168
5326335
5729012
5729029
4806277
5570928
4369941
5004479
5728968
5381810
5729039
5729025
5729024
5729041
5680063
5846530
5729004
4224484
5729027
5729022
5729013
5729030
5846149
5729036
5729031
5728966
5574253
5729047
4829322
5729007
5269495
3899448
5729040
5729323
5729051
5846150
5285213
4881960
5729014
5729035
5729033
5728997
5846152
5729017
5729326
5717375
5729057
5729062
4996026
5729055
5729049
5729050
5729061
5729048
5729079
5729069
5729056
5483580
5291736
5729084
5729076
5729063
5729023
5729037
5729078
5729080
5729068
4319943
5729081
5729074
5729044
5729064
5729085
5729091
5729059
5729086
5729042
5729082
5729089
5729102
5316785
5729067
5298922
5729072
5729073
5729060
5729088
5729054
5729109
4815719
5729101
5490327
5729075
5729094
4599212
5729083
5305045
5729087
5637600
5729099
5729071
5729108
5635943
5729110
5729104
5729115
5729090
5729117
5729100
5729118
5729111
5729043
5640211
5729120
5729105
5438250
5729121
5729125
5729132
5729114
5729113
5729124
5729131
5729133
5729134
5729141
5729070
5846154
5729135
5729296
5729136
5729146
5250460
5729107
5729140
5729137
5729150
4315278
5729112
5729122
5729155
5729144
5729145
5729106
5342854
5729092
5729170
5729160
5729152
5729142
5729174
5729324
5846157
5729166
5729325
5846156
5729175
4112117
5729147
5846531
5729167
5601874
5729168
5581916
4696691
5729310
5729151
5729163
5729162
4944724
3980261
5729153
5729178
4667259
5729093
5302073
5729139
5729148
5729156
5729159
5729180
5729171
5729161
5729172
5729123
5729186
5729130
5846532
4513831
5729203
4675103
5729176
5208243
5729193
5729200
5729157
4013758
5729214
5427051
5729205
5729201
5729208
5729196
5729194
5729189
5729192
5727542
5467197
5729295
4863068
5729181
5729222
5729210
5342671
5729211
5637238
5533099
4867410
5729191
4365985
5729223
5729228
5729185
5334342
4577209
5234252
5715665
4525354
5045248
5729195
5729209
5729233
5729240
5729239
5846159
5729251
5729227
5729247
5729190
5729217
5729236
5729238
5324966
5729250
5729252
5729242
5729232
5729219
5729256
5729207
5729231
5729245
5729237
5729230
5729235
5729226
5729246
5729218
5729255
5729225
5729234
5729253
5729258
5729249
5729254
5729257
5846158
4676957
4302981
4658179
4733956
4469325
5729380
5729387
5729401
5729375
5729414
5729383
5729393
5729396
5729391
5723032
5729406
5729410
5729373
5729415
5729379
5729416
5729378
4822830
5729377
5729389
5717493
5729388
5729395
5483632
5729394
5729398
5729400
5729399
5729407
5729409
5729408
5729374
5729419
5729381
5729382
5729386
5729390
5324449
5729421
5729405
5729429
5729430
5715581
5729411
5729413
5729420
5729436
5729385
5729404
5729397
5729402
5729428
5719385
5729445
5729432
5729433
5729434
5729392
5729437
5729425
5729454
5729438
5499291
5729439
5729423
5634364
5729441
5729442
5729446
5729460
5729418
5729422
5729426
5729435
5719954
5729443
5729440
5729466
5637279
5729447
5729448
5729449
5729452
5729431
5729444
5729459
5729450
5729463
5729464
5729477
5729457
5729483
5729484
5729488
5424952
5729472
5729486
5729453
5729474
5729487
5729455
5729478
5729479
5729482
5729461
5729493
5729494
4898344
5729485
5729492
4925383
5772624
5729481
5729469
5686085
5729473
5729499
5729501
5729508
5729490
5729491
5729498
5729505
5729500
5729507
4688488
5729524
5729510
5729525
5729502
5729515
5729503
4848724
5730186
5729462
5729517
5729514
5729520
5729522
5729495
5729519
4428396
5729523
5729509
5729511
5729516
5729470
5729513
4306194
5729527
5729529
5729530
5729506
5642439
5729518
5729532
5729512
5730185
5729533
5729528
5729545
5729535
5729531
5729538
5730187
5729551
5729557
5729543
5729504
5729548
5729561
5729549
5729547
5729537
5584267
5729556
5729555
5729540
5729569
5729559
5729542
5729550
5729539
5729573
5729566
5846160
5729567
5729568
5729536
5729526
5729560
5729580
5729571
5729570
4912349
5729565
5729553
5531335
5729554
4356206
5729541
5729572
5729584
5729578
5729589
5729558
5729564
4549966
5729582
5729583
5846791
5729576
5729546
5729575
5729581
5729594
5729597
5729613
5729577
5729600
4562489
5729590
5729603
5729617
5729606
5729593
5729608
5729587
5729611
5729610
5729612
5729615
5729616
5730189
5729604
5729592
5729579
5729595
5729609
5679837
5729623
5729645
5729625
5729626
5729605
5729620
5729591
5729637
5729638
5729631
5729633
5729646
5729627
5064471
4795012
5729649
5729652
5729639
5729642
5729641
5730188
5729643
5729632
5484126
5729654
5729655
5729656
5729634
5729651
5729660
3984229
5729664
5729653
5729647
5729614
5729648
5730190
5729658
5729669
5729650
5729662
5729640
4457696
5729675
5729666
5729668
5496846
5729680
5729670
5729681
5729686
5729676
5729661
5729684
5729691
5729694
5729695
5729700
5729699
5729622
5729688
5729702
5729683
5266541
5729689
5729690
5729685
5467826
5846161
5729601
5729687
5729696
5729674
5729704
5729697
5729677
5729701
5729665
5729693
5729705
5729706
5729707
5729703
5729709
4932730
5729723
5729711
5729728
5729713
5729729
5846163
5729730
5729716
5846162
5729719
5729724
5729725
5729727
5729714
5729738
5729739
5729708
5729743
5729720
5722380
4829782
5532109
5104878
5846165
5846164
5729779
5729802
5729823
5729786
5729798
5729813
5772625
5729780
5729782
5729799
5729803
5729777
5729814
5729781
5729783
5729818
5729787
5729805
5729820
5729824
5386423
5729819
5729825
5064045
5729776
5729791
5729804
5729808
5729809
5729812
5729816
5729822
5729829
5729831
5729792
5729800
5729810
5729815
5729788
5639331
5729828
5729830
5729844
5729832
5729842
5052391
5729837
5729797
5729853
5729843
5729778
5729845
5729846
5729856
5729847
5729858
5729817
5729801
5729827
5729836
5729849
5729860
5729839
5729835
5729834
5729838
5729861
5729841
5729840
5469274
5729855
5729867
5729850
5729852
5729854
5729862
5729857
5729863
5729864
5729869
5729873
5729868
5729876
5729875
5729848
5729877
5729859
5729884
5729886
5729881
5729887
5729870
5729883
5729872
5729871
5729866
5040458
5638681
5846166
5729879
5729895
5729890
5729894
5729880
5729888
5729885
5729898
5729891
5729874
5729892
5729902
5729905
5729908
5729909
5729912
5729901
5729903
5729882
5729896
5729907
4818962
5729922
5729899
4426044
4969386
5729914
5729900
5729913
5729929
5729889
5729911
5729919
5729932
5729923
5729910
5729924
5729916
5729926
5729936
5729930
5729937
5729943
5729920
5729946
5729933
5729925
5729951
5729917
5730192
5729934
5729878
5729904
5729956
5729940
5729931
5729948
5729950
5729965
5729953
5729935
5729955
5729938
4764853
5729939
4687924
5729941
5729944
5729960
5729972
5729949
5729952
5729954
5729966
5729968
5729957
5729980
5729981
5729958
5257839
5729963
4739603
5729973
5729974
3914289
5729976
5108911
5729977
5729979
5729969
5729959
5729982
5729964
5729983
5182834
5729984
5729996
5729990
5729970
5729993
5729994
5094009
5729962
5730006
5730009
5729988
5730000
5730011
5083475
5730003
5730018
3969270
5729998
5729967
5730001
5729991
5730013
5730023
5730022
5730016
5730017
5729986
5730028
5729918
5729999
5729995
5730021
5730002
5730019
5729987
5730032
3960502
5730004
5730010
5730043
5730031
5270349
5730037
5730029
5730039
5730051
5730026
5730046
5730036
5730049
5730040
5730034
5729985
5730193
5730044
5730008
5730054
5729989
5730056
5730057
5730068
5730042
5730191
5576244
5730047
5730055
5470909
5730038
5730071
5730064
5730066
5730069
5730027
5730045
5730048
5730074
5121894
4578487
5730070
5730061
5083003
5730072
5730088
5730091
5730077
5730065
5730052
5730067
5730058
5730024
5730060
5730076
5730087
5730079
5730063
5730073
5730035
5730041
5730099
4170760
5730101
5730078
5730062
5730090
5730108
5730092
5730122
5730093
5730085
5730103
5730104
5730094
5730114
5730115
4712158
5730116
5730128
5730129
5730117
5730118
5730120
5730121
5730106
5730119
5730107
5730105
5730123
5730109
5730125
5730113
5730130
5730126
5730136
5730140
5730135
5730134
5730141
5730143
4905369
5715649
5333942
4963720
5191258
5669729
5716603
5670693
5585913
5329179
5846168
5670142
4236880
4679815
5672742
4879270
4683280
4455469
5846171
5502985
5730303
5730301
5730308
5730307
5730314
5730315
5730319
5014015
5730328
5730330
5730331
5730334
5730333
5730335
5730304
4476632
5730309
5730312
5730316
5730320
5730288
5730324
5730292
5730297
5730302
5730306
5730318
5730317
5730321
5730289
5730323
5730298
5730340
5730341
5730295
5730311
5730294
5730310
5730325
5730291
5730296
5730344
5730343
5730305
5730329
5730336
5730345
5730342
5730332
4469799
5846173
4553421
5020975
4776997
5846169
5754802
5846172
5657732
5010936
4871956
5846170
5772626
5730361
5730364
4682729
5649441
5570518
5730363
5754803
4651146
5685775
5651755
5324215
5329756
5528881
5342672
5754804
4421889
5732434
4421487
5528358
5703905
5733407
4950259
4705275
5772627
5754805
4026206
5735543
4326165
4958135
5736007
4710589
5734378
5737309
5737322
5520631
5737324
5737323
5737315
5737314
4972718
5737335
5737336
5737351
5737357
5737369
5737358
5737308
5737305
5737319
5737325
5737330
5722812
5737339
5737346
5596296
5737348
5737340
5737354
5228155
5608238
4711535
5737307
5737304
5737321
5737317
5733687
5737333
5604314
4420683
5754806
5737376
5737350
5737347
5456542
4567158
5737355
5737393
4881430
5737306
5737313
5737328
5737326
5640696
5737386
5737378
4378198
5737391
5754808
4047641
5737398
5737334
4849832
5737401
5737402
5737418
5471227
5737349
5737342
5737404
5313635
5737422
5737380
5509458
4512949
5737410
5732596
5737427
4511566
5846174
5737413
5737414
4466570
5772628
5737318
5737332
5737399
5737374
5737388
5358533
5737420
5737412
5737316
5737430
5737433
5737439
5588658
5122727
4898972
5737434
5737440
5737424
5737438
5737312
5737443
5737437
5737311
5737462
5737453
5737456
5737421
5737457
5737458
5737442
5737469
5737451
5737464
5737459
5737466
5737448
5146057
5737474
4869786
5027538
5737460
4588902
5737477
5737471
5737470
5737396
5734549
5737450
5737452
5687229
3994744
5737455
5737423
5737408
5736544
5737486
5737484
4948776
5754810
5737472
5737447
4657570
5197313
5737491
5737490
4291351
4713148
5754809
5737494
5737496
5737498
5737488
5737487
5737500
4434115
5737501
4902040
4466665
4372552
5737489
5737502
5737445
5737522
5737516
5737444
5734574
5737508
5737520
5737523
5635394
5737512
5737515
5737517
5376525
5737499
5737541
5737542
5376211
5737521
4650003
5737534
5737524
5737529
5737540
5737530
5737544
5737539
5737532
5737552
5735470
5737553
5737533
5283520
5737510
5737557
5737559
5735472
5737538
5737527
5737550
5737566
5737563
5302605
5737555
5737480
5607131
5737574
5737561
4477841
5737575
5005316
5737562
4625826
4936816
5020972
5206974
5147964
5737567
5737569
5737584
5737503
5737587
5474683
4854594
5737578
5737581
4882593
5737591
5737605
5101647
5737583
5737582
5737621
5733772
5737606
4508074
5737594
5737604
4490433
5737608
4362876
5737630
5737601
5737612
5735361
5588476
4514213
4393002
5737620
5737622
5737623
5737556
5737597
5737598
5562892
5737653
5737640
5737644
5737626
5608549
5737646
5733935
5737609
5733031
5723620
5737632
5733256
5737635
4763805
5737637
5653205
5092646
5737641
5000065
5846794
4759611
5737600
5737674
5737688
5004363
5737657
5737627
5737678
5737662
5737664
5737668
5737671
3981524
5737675
5245333
5737691
4648687
5000524
5737680
5737660
5737681
5013605
5737697
4483659
5754861
5737685
4966600
4877281
5737693
5737683
5737711
5737710
4435936
5737666
4713410
4622129
5754811
4811129
5737713
5737701
5737716
5507553
5634144
4833838
5754813
5735142
5651479
5737658
3838608
4376493
5737724
5737003
5737736
5737737
5737684
5846796
5737717
5737730
5737702
5737728
5737743
5754812
5737663
5737723
5737696
5772629
5737725
5737726
5054193
5737715
5737673
5737729
5737739
4645880
5737734
5737631
5737698
4870323
5737747
5704437
5737752
5737768
5496204
5737704
5737763
5737670
5737753
5737767
5025668
5737760
5737762
5737766
5737771
5737720
5621767
5737774
5737789
5737791
5737778
5737784
5737785
5737795
5485865
5737773
5737796
5737797
5717575
5737803
5281968
5737807
5737780
5737777
5737779
5737793
5687301
5441638
5737756
5471205
5737772
5157561
5737802
5737798
5737792
5737794
5616605
5737765
5737783
4682682
5733304
5737769
5737757
5733329
5737787
4861089
5737822
5733422
5737813
5737751
4907208
4314315
5737817
5737825
5737824
5737808
5772674
5580828
5737827
5737801
4368116
5737819
5737832
5055005
5737775
5737836
5737837
5737830
5737831
5737809
5142215
4954841
5737843
5737834
5737812
4513381
4707398
5737844
5737846
5737852
5737851
5737781
5737814
5143991
5737782
5737828
5737755
5737816
5737841
5737840
5737855
5737835
5737845
5737829
5286142
5737820
5737823
5737859
5737862
4973902
5737875
11554937
5737864
5737839
5737866
5737891
5737869
5737873
5737880
5737870
5737871
5737872
5736747
5737898
5733717
5737865
5737854
5737879
5737887
5737867
5609839
5737849
4135054
5737895
5737889
5737890
5625464
5737892
4403342
5732704
5221117
5737897
4757031
5737842
5617062
5737899
5737811
4632582
4374467
5737903
5735041
5737893
4433531
5735052
5737906
5737913
5737914
5737881
5737886
5737885
5737901
5737917
5737918
4834318
5625785
5737910
5737907
5737908
4283678
5737915
5737888
5731743
4513855
4975919
5012278
5737896
5737932
5737934
5737924
5737937
5663391
5737929
5737860
5737931
5737920
5737944
5609977
5737922
5737912
5737926
5737936
4975827
5737916
5737938
4318777
5737919
5737861
5772675
4744588
5737946
5735382
5735513
5737948
5622053
5570090
5620605
5735078
5737958
5737960
5734927
5737939
5737940
5705768
4762093
5737941
4927050
4081962
5737952
4828917
4822536
5737953
5737921
5846179
5737947
4906154
4316602
5675520
5477426
5515996
5737959
5737949
5737900
4534033
5737905
5737951
5737971
5737942
4689176
5737954
5737963
5086967
4511406
4838482
5737950
4970370
5602510
5737969
5754862
5737237
4442030
5737975
5737964
4881711
5737972
5738000
5737973
5737974
5737993
5737979
5737990
5457208
5737996
5737981
5737982
5738002
5737985
5738004
5737955
5737966
5738009
5737980
5064983
5738010
5737997
5772676
5737930
5738001
5620788
5738017
5672649
5737987
5738027
5662206
5204640
5738028
5738005
5111608
5308334
5733714
5738012
4769407
5738049
5737991
3955833
5738052
4398053
5846180
5738024
5735754
5738040
5738014
5738013
5735822
4955341
5754814
5738029
5588438
5612253
4372925
4520096
5737943
5561921
5738041
5738044
5738056
5358765
5738045
4563212
5738030
5738047
5028815
5738061
4367746
5738050
4522836
4955428
5738035
5738036
5846182
5738034
5738055
5264444
5738080
5738071
5738064
4566741
5738065
5738078
5738054
28765804
5738058
3996451
5738062
5738075
5301710
5738100
5738077
5413461
5738103
4765291
5738104
5645158
5731705
5738084
5738059
5507297
5738085
5738099
5738089
5632006
5738068
5738102
5467051
5738106
5737998
4402233
5738086
5738097
5738110
5039550
4582944
5623088
5733499
5738114
5738124
4932076
4913249
5592097
5738116
5738096
5738063
5738109
5483416
5733719
4618203
5738112
5677014
4154138
5738122
4526023
5738127
4855228
5738115
5738125
4493663
4028336
5738140
5846183
4514080
4976833
5738142
5302413
4765747
5738111
5738143
4515000
5738131
5738132
5738119
5846797
5738113
5342676
5738120
4781999
5716773
5738123
5738145
5738090
5738144
4835626
5738138
5754815
5738108
5472358
5738130
5705778
5738121
5619520
5719892
5738137
5738139
5307267
5738164
5738167
5738173
5688379
5738126
5738159
5738162
5738088
5735464
5738152
5738153
5738172
5738174
5430123
5738146
5738187
5738175
5567786
5212516
5280242
5738177
5846184
5738180
5738147
4993341
5738161
5738166
5738186
4756508
5738170
5738171
5738189
5738176
5738188
5733332
5738182
5738183
5772677
5738098
5738184
5738165
5738195
5738178
5738117
5735344
4931749
5738208
4034467
5732903
4906754
4361245
4555754
4460913
4353883
5738202
5583675
5738203
5323542
5738196
5738179
4511152
5738191
5738156
5738219
5738181
4522972
5738221
5738199
5738224
5738235
4949255
5738206
5738205
4516565
4997158
5738223
5738211
5738234
5738225
5738129
5738229
5631274
5738244
5738239
5738210
5738241
5478501
5738233
5846187
5738213
5738169
5738258
5738248
5738246
5738247
5738242
5027293
5042856
5734377
5300841
5732361
5633454
5143343
4815247
5738278
5738249
5738265
5738193
5738272
5738222
5738268
5738269
5738285
4763282
5846188
5735848
5494610
5738288
3985490
3986619
4677196
5738200
5738212
5311886
5738250
5738287
4776961
5738290
5754863
4578972
5738307
5738240
5738270
5738263
5738289
5738297
5735299
5738300
5772678
5738315
4513815
5738215
5738262
5738253
5738277
5738236
5738227
5738259
5846798
5554370
5027276
3978644
5738309
4885485
5738311
5738303
5846189
5738318
4796061
5738255
5738320
5246326
3925285
5738323
5738336
5738302
5323345
5738317
5736455
5738325
5429195
5738329
5625352
5738334
5738348
5738350
4562556
5738355
5738341
5738261
5738264
5738332
5733110
5673009
5738312
5738345
5733128
5738349
5738337
5738354
5738340
5738357
5738342
5846799
5738266
4925064
5754884
5738333
5738344
4774286
5738352
4494981
4488811
5738368
5812522
5738371
5738380
5738372
5568097
4701318
5738362
5738360
5738363
5738347
5738346
4910271
5738377
5738366
5738390
4835885
5738393
5738383
5754816
4834962
4952686
5736131
5738298
5738384
5626858
5376265
5738365
5738388
5738389
5738391
5738404
5736435
4932829
5738397
5738385
5738403
5644463
5738382
5738361
5738399
5738415
5738400
5738408
5738411
5738420
5138535
5738413
5738414
5738395
5738405
5738335
5738310
4318426
5479631
5738419
5738412
5738422
5738406
5754885
5738375
5738364
5738432
4616912
5738417
5738418
5738410
5738430
5738436
5430851
5738441
5738392
5738407
5738431
5738428
5735163
5738433
5738401
5738439
5732896
5028462
5738423
5738451
5738462
5734935
5738455
5738457
5354248
5738446
4283999
5738458
5738466
5732705
5738409
5738449
5738450
5772682
5738453
5001252
5298719
4436308
4692794
5735357
4061108
4051242
4673598
5738477
4469761
5735136
5738443
5738469
5772679
4524160
5738480
5639701
4853445
5738471
5846190
5738386
5738474
5738461
5735503
5738464
4884299
4997320
5738478
5738467
5738470
5738473
5655937
5738416
5738463
5733242
5221621
5738491
5738475
5738476
5736348
5738468
5738444
5738486
5738501
5738438
5738494
5627353
5738495
5738484
5734543
5738497
5677600
5733090
5738503
5738487
5646389
5738448
5738459
5738507
5738437
5846191
5738496
5738518
5738522
5738499
5738513
5733523
5738514
4759195
5738515
4015002
5738517
5738429
5738511
5738512
5738521
5738502
4871525
5583482
4043580
5738528
5738490
4049661
5738509
5593856
3908242
5738492
5738510
5738520
5738519
5738523
5738542
5738516
5738525
5738504
5738481
5738539
5738493
5738465
4511820
5738500
5381476
5738533
5738530
4398493
5738526
4927334
5738544
4725227
5719758
5738548
5738538
5738562
5738551
5738566
5738565
5632095
5738555
5738527
5738546
5738572
5738557
5738549
5738558
5738550
5738540
4809818
5735808
5647198
5738564
5738541
5738567
5738543
5738574
5738576
5738561
5738596
5738578
5738598
5738581
5738570
5738600
5738571
5738506
5738575
5738592
5738594
5738595
5738483
5738532
5738531
5738580
5734004
5340697
5738585
5738536
5738537
5738605
4746181
5738607
4727399
5738593
5630645
5772681
5106611
5738611
5738626
5738614
5517303
4907105
5738615
5738616
5738630
5772680
4843979
5738620
4949642
5738636
5738608
5738623
5738612
5738601
5738619
5738618
5738649
5738588
4407228
5738604
4486818
5738609
5738639
5017346
5738644
5738646
5738584
5738634
5738662
5735728
5754817
5738653
5738642
5738645
5738629
5738658
5738603
5738651
5738672
5738676
5738668
3910337
5738654
5738655
5738625
5738680
4236132
5738681
5738673
5738674
5738640
5643130
5738641
5738669
5738648
5738632
5738621
5738695
4324390
5622743
5738663
5738664
5738652
5738627
5738701
5738671
5738659
5738692
5738693
5738633
5475676
5733377
5738667
5738638
5732677
5754818
4783645
5672180
5738688
5738700
5738670
4669937
5738714
5688434
5735083
5738684
4507716
4936856
5738696
5159093
5738717
5738687
5738711
5738720
5754886
4772935
4456542
5738689
5738713
4845636
4930587
5735048
5738707
5738675
5651393
5738722
5738703
5738704
5738735
5738736
5738725
5738708
5738694
5738709
3859556
5359786
5738730
5738719
5738721
5738712
5738715
5738727
5738724
5738739
5738716
5738741
5738745
5738744
4147369
5738757
5716727
5738726
5738759
5738753
5469856
5738718
5738733
5738702
5738683
5738734
5738755
5261698
5738748
5738723
5738751
5738738
5738752
5738710
5738767
5738705
5738737
4995286
5738763
5738775
5738764
5614022
5738770
5738769
5738779
5738771
5738780
4011960
4159453
5738773
5738777
5738798
5738778
5738786
5738785
5738749
4877996
5738790
5738760
5108159
5738762
5738792
5734932
5738774
5738782
5738783
5737196
5738765
5735257
5160527
5738799
5738784
5002529
5738800
4570937
5481171
3921046
4979388
4448821
5738327
5738807
5738793
5738811
5616648
5738801
4353202
5738796
5738839
5738824
5738622
5738826
5738819
5738821
5738822
5738795
5738860
4977808
5846192
5738842
5738813
5076779
5738845
5738847
5738853
5738864
5666606
5738823
5738830
5621394
4701515
5738841
5738815
5738844
5738832
5738816
5738817
5738768
5738854
4725996
5738856
5738880
5738843
5738870
5497049
5738850
5738888
5738848
5738852
5733028
5623670
5754820
5738837
4575166
5614094
4102677
5738827
5738861
5738766
5733073
5738869
5687339
5735935
5738833
5750006
4770289
5735531
4317243
5735113
4639051
4995280
4643596
5122158
5300483
5587239
5290684
5299230
5581245
4425958
5736012
4888227
5748272
4761420
4467609
4924610
4016898
5606308
5754865
4292098
4396360
4841043
5017415
5748529
5739957
5100180
5072859
4888447
5754823
5846193
4878243
5754822
5607388
5604337
5359199
5004006
5602784
4380237
5003330
5846800
4886878
5743579
5754821
4104822
4671689
5750010
4568212
5750014
5750016
4862961
5750018
5750020
5750008
5750009
5750011
5750044
5420834
5750049
5750053
5750012
5750032
5647432
5750017
5750019
5743987
4937379
5750043
5750046
5750050
5750031
5731967
5750013
5750022
5648835
5745847
5750038
5750041
5750039
5750027
5750040
5750045
5750030
4825834
5723257
5746450
5750015
5750057
5750021
5750025
5461180
5750028
5750037
5750007
4756537
5289261
5750047
5750078
5750068
5750056
5594527
5750079
5750063
5622374
5750067
5750077
5750048
5750070
5750072
5750074
5750083
5750069
4897666
5750073
5750085
5750064
5750090
4935040
5750087
5028538
5750092
5750081
5739403
5736490
5153903
5316476
5683249
4782369
5621808
5750042
5748440
5300552
4758398
5662294
5737259
5748445
5750109
5750055
5750051
5750095
5750052
5750102
5050757
5211044
5750082
5750075
5750091
5207878
5750094
5207901
5574145
5754824
5754825
5750089
5750110
4297915
5750097
5749970
5749966
5206337
5750080
5733302
4861567
5750112
5749971
5750113
5750076
5750114
5749973
5749974
4712663
5749977
5749975
5749980
5749976
5736644
5750106
5748464
5749981
5733711
5749982
5749987
5342680
5749984
5733716
5749988
5749989
5749993
5749991
5749996
5749990
5749995
5749997
5749992
5749998
4910781
5750001
5750000
4888911
5310745
5750005
5750002
5745903
5748619
5749999
5750054
5745252
5007719
5750101
4882559
5750105
5750093
5750066
5750121
5846194
5750096
5750099
5750122
5750084
5673016
5750144
5750151
5754826
5750161
5750160
5028257
4707891
5734634
5750134
5750141
5750140
5750148
5750118
5750115
5750116
5750145
5750147
5750150
5060707
5750164
5750163
5748681
5746049
4994948
5750086
5750132
5750136
5750143
5750146
5750157
5750119
5750156
5750155
5750162
5750184
5169310
5750166
5750167
5754827
5750179
5750171
5164661
5700628
5750186
5750204
5750135
5750192
5750139
5750194
5750213
5750183
4878898
5750199
5750200
5750190
5750222
5750100
5750206
5750214
5750211
5750209
4798358
5750221
5750174
5750203
5750242
5750169
5750197
5750153
5754829
5750158
5750225
5750189
5750233
5750208
5750181
5750218
5750229
5750154
5750182
5750224
5750202
5611925
5743213
5750239
5750237
5750207
5750263
5750259
5750220
5024242
5750262
5750265
5750201
5750260
5750231
5750267
5750266
5750219
5750247
5750245
5750258
5750217
5476281
5750256
5123202
5750236
5750273
5597419
5744800
5750270
4739968
5750244
5750253
5750254
5750283
5750261
4655652
5746177
5750212
5119849
5550682
5740503
5581654
5750264
5750269
5213046
5846197
5750290
5750257
5750335
5750332
5750297
5750300
5750340
5750268
5750284
5750320
5750328
5750311
5750306
5750308
5750321
5750316
5750325
5750322
5750331
5750313
5750341
5750342
5497004
5750334
5750323
5750345
5750346
5750310
5750317
5754828
5750307
5750287
5750312
5750343
5750354
5750362
4123637
5750339
4965816
5750333
5750369
5750370
5750359
5750364
5750373
5750375
5750363
5750378
4946541
5750381
5750384
5476346
5750368
5750330
5161674
5750371
5225735
5750376
5750379
5750413
5750382
5750421
5750411
5750383
5750366
5750377
5653065
5500457
5750397
5750391
5750416
5750394
5750412
5750410
5750404
5750390
5750388
5750403
5748814
5750422
5750419
5750428
5750415
5750387
5746514
5750409
5750420
5750430
5750408
5750457
4904049
5750445
5750454
5748561
5750465
5750417
5750472
5750449
5750456
5750469
5750467
5750478
5750463
5386817
5750450
5750464
4776343
5348960
5750447
5750476
5750453
5750474
5750471
5750473
5750494
5750480
5750466
5750487
5750455
5750458
5750481
5750468
5750501
5750511
5750503
5750492
5750496
5750490
5750504
5463727
5750482
5656676
5846199
5846198
5745973
5745994
4440459
5648779
4023634
5119037
5746395
5746095
5750680
4868626
5750685
5750683
5750684
5750689
5750686
5332612
5090800
5750694
5750672
5750677
5750692
5750678
5754830
5503706
5750682
5750690
5750670
5750708
5750706
5750695
5750701
5750700
5750710
5750733
5750726
5750674
5201752
5741296
5750698
5750676
5750693
5750687
5750673
5750703
5750691
5750671
5750705
5750702
5750718
5750725
5750729
5750675
5471920
5750707
5750715
5750712
5750714
5750722
5750716
5750699
5750737
4707975
5750759
5750747
5750713
5750740
5750704
5750732
5750742
5750734
5750709
5745011
5750724
5750723
5131465
5750744
5750756
5750745
5750743
5750777
5750764
5750769
5750755
5750772
5750775
5750779
5750774
5750711
5750717
5750753
5750766
5750771
5750719
5750783
5749042
5731675
5750792
5750793
5750770
5750721
5613756
5750801
5754831
5754832
5750799
5750806
5696228
5750808
5750785
5750786
5750819
5750809
5750805
5750784
4951108
5750790
5750794
5750767
5750814
5750754
5750825
5750727
5750791
5750800
5694874
5750802
5750803
4908607
5750787
5750788
5750817
5744704
5750811
5519756
5683097
4966599
5745428
5750823
5750797
5750798
5750828
5750836
5750827
4985341
5846200
5750829
5750830
5750834
5750833
5743557
5750826
5142057
5750840
5750843
5750835
5664234
5750862
5748587
5750850
5750841
5750831
5750845
5750857
5750844
5750842
5750854
5747160
5750860
5750859
5299356
4324600
5750861
5750863
5750866
4233218
5846201
5750852
5750851
5750818
5750855
5093455
5846202
5750870
4800524
5750858
5741166
5710706
5750875
5750868
5743335
5750867
5007145
5846204
5750876
4155631
5257524
5750838
4322077
5750849
5750873
5750853
5750846
5754888
5750878
5750865
5750879
5531412
4909405
4685073
5658503
5687984
5754889
5634129
5750869
5750871
5750877
5695509
5750848
5750872
5750896
5750900
5750880
5750890
5750874
3938926
5750894
5750899
5750908
5622283
5750891
5750882
5750902
5750856
5750884
5750895
5750888
5750919
5750904
5846205
5750922
5750920
5750889
5750881
5750913
5750903
5517269
5750918
4928219
5846206
5750906
5103102
5750883
5750909
5750910
5750927
5750905
5750898
5750916
5750921
5750917
5750923
4017181
5750924
5657829
5750925
5750945
5750947
5750887
5750940
5747009
5750953
5750943
5750932
5750948
5750951
5750938
5750941
5750942
5750928
5750929
5750946
5750959
5750936
5750901
5750926
5750956
5750897
5750950
5268921
5750937
5744643
5750915
5750966
5750957
5750961
5750976
5750986
5750978
5750968
4990943
5750975
5750930
5372589
5750982
5750914
5750983
5750984
5578671
5750958
5750967
5750934
5750969
5750963
5750979
5750980
5750965
5750989
5516060
5750991
5750996
5750907
5750962
5551227
5750912
5750997
5750955
5735690
5750999
5751004
5751003
5750995
5751020
5751008
5750981
5751010
5751012
5751024
5745019
5703222
5751002
5560650
5732409
5751017
5751021
5751014
5751023
5751009
5750993
5751022
5751019
4829223
5751029
5750985
5751007
5751025
5751032
5152679
4864625
5751034
5751035
5549594
5751041
5751016
5751006
5751031
5182507
5751026
5751027
5751047
4979402
5751015
5751039
5751030
5750998
5751000
5751005
5751057
5750988
5751033
5751044
5751036
5751046
5751054
5751045
5751048
5751049
5739321
4292036
4372915
5749684
5751051
5751052
5061056
4365738
4949416
5749453
5748320
5751068
5735878
4930830
4855418
5497868
4389676
4384049
5624185
4402332
5649213
5751043
5751042
5750992
5751056
5751018
5751055
5751040
5751064
3868081
5751061
5751073
5751063
5751062
5751050
5751058
5751080
5751092
5751097
5751065
5672342
5751074
5751076
4994222
5751085
5751082
5751081
4903614
5751095
5751072
5751069
5751101
5751075
5751087
5751088
5751090
5751089
5751096
5751108
5751098
5846207
5751099
5748310
5751120
5751109
5751077
4888084
4381495
5751103
4373390
4871106
5751038
5751115
5751114
5751123
5751135
5751078
5751100
5751070
5751071
5751130
5751121
5751106
5747791
5751125
5751116
5751119
4728495
5751117
5751128
5751139
5751133
5751144
5751094
5751138
5751150
5751127
5751091
5751140
5751079
5625196
5751124
5751112
5750549
5751136
5751146
5732921
5751145
5687231
5751147
5751105
5751129
5745913
5737071
5751113
5751149
5751148
5751141
5751153
5751156
5751111
5751167
5751110
5751170
5751169
4995796
5751177
5751158
5748621
5754834
5751159
4670225
5751166
4957058
4909574
4645009
5751190
5644183
5616549
5754835
5751180
5156020
5751157
5293472
5300189
5751154
5751160
5751161
5271921
5751134
5734483
4651738
5751168
5751173
5751188
5751189
5846209
5846208
5751155
5751174
5751197
5751191
5751178
5751181
5751183
5751192
5751131
5751142
4367964
5748524
4926706
5751199
5751205
5751184
5751200
5751211
5307684
5751202
5751194
5687121
5751196
5751193
5751206
5751186
5751209
5751164
5751165
5751187
5751172
5751195
5631512
5751212
5749803
5846210
5506796
3827509
4571246
5602207
5751213
5748533
4718723
5751182
5751162
5751231
5751223
5751210
5751208
5751227
5751228
5751235
5402283
5751229
4929609
4367494
5751219
5751222
5751215
5751163
5751198
5746524
5751216
5751185
5751230
5751207
5751203
5751214
5751250
5751217
5751253
5751242
5751225
5751234
5605081
5747352
5751249
5751244
5751248
5751245
5751266
5751232
5751268
5751237
5751243
5751233
5751201
5751258
5751218
5751226
5751261
5751255
5751246
5751221
5751252
5846803
5751224
4472272
5751247
4835413
5751264
5538551
5751267
5751269
5747787
5751236
5751276
5751271
5751262
5663266
5664336
5751263
5751220
5663515
5751275
5531101
5751241
5751272
5751290
5751289
5751281
5751260
5751283
5751282
5751297
5751277
5342684
5625845
5730496
5751280
5751279
5751292
4655132
5751256
5751316
5751296
5751285
5751291
5751273
5751311
5751315
5609622
5751294
4452694
5751278
5751308
5751310
5751300
5751270
5751302
5751305
5751287
5751312
5664663
5613908
5751295
5751335
5751327
5751337
5751322
5751303
5751331
5751333
5751326
5751334
5751342
5751238
5751321
5751306
5751336
5846213
5037837
5751329
5751324
5751299
5751313
5751345
4962694
5751325
5751355
5751349
5751353
5751328
5751317
5751320
5751354
5751351
5751344
5846212
5751323
5751356
5751346
5528159
5751357
5754836
5745667
5297540
5751319
5751318
5751375
5751341
5751352
5751361
5751365
5739005
5751368
5366803
5751350
5751377
5751369
5751379
5663165
5751304
5751394
5751366
5751385
5308499
5751340
5751360
5751396
5299116
5751363
5754837
5179126
5208984
4769995
5209517
5749527
5751332
5747621
5751386
5751376
5754838
5751391
5751373
5751372
5751378
4857846
5751301
5751381
5751393
5751406
5751383
5358489
5751407
5581783
5732960
5751400
5751384
5751411
5751371
4319441
5751401
5735527
5751403
4555188
4554968
5562048
5091691
5751392
5751397
5751398
5747494
4647095
5754866
5754867
5735555
5751408
5749665
5751420
5751412
5751364
5751382
5751367
5751433
5751395
5751421
5751423
5597927
5751417
5751427
5751409
5751441
5751388
5751389
5751390
5746947
5580248
5606166
5518746
5751426
5751446
5751424
5751405
5751440
5751430
5751410
5751431
5751432
5751370
5751434
3896541
5751422
5751413
5751445
5751380
5751425
5636601
5751447
5281944
5732241
5751429
5745968
5751443
5751455
5751470
5751428
5751442
5751451
5751472
4705773
5577512
5751456
5751454
5751452
5751416
5751437
5751418
5751468
5751439
5751438
5751419
5751459
5751482
5751473
5751489
5751475
5751474
5751450
5751414
5751466
5751476
5751485
5751435
5751484
5751464
5751463
5751471
5751487
5751492
5751469
5751497
5751458
5751499
5751483
5751490
5751500
5381063
5140895
5751491
5730490
5619349
5751493
5751481
5751480
5751453
5751501
5751520
5751504
5751508
5751514
5751507
5751516
5751465
5751486
5751518
5751503
5751521
5751505
5751525
5751519
5751506
5751524
5751528
5751527
5751529
5751536
5751537
5751531
5751462
5751533
5751535
5751539
5751512
5751523
5746175
5751522
5751526
5751542
5514771
5751532
5751534
5751510
5751460
5751530
5751544
5751547
5751545
5751546
5751563
4618212
4314722
5751540
5751541
5751552
5751551
5751478
5751538
5746497
5568577
5751560
5751548
5751549
5751569
5751577
5751553
5751515
5751558
5751543
5267641
5751554
5649793
5751574
5751565
5751496
5751567
5746415
5751568
5671860
5751576
5751556
5751562
5751600
5751561
5751564
5751578
5746183
5751580
5751593
5751584
5751583
5751550
5751585
5751595
5751596
5751572
5751555
5754839
5751571
5751573
5751588
5751601
5249157
5751590
5751602
5751570
5751586
5551183
5751598
5751589
5751603
5751606
5751607
4342419
5751608
5751604
4864410
5751587
5751599
5751615
5751592
5751575
5748918
5751619
5751622
5751609
5751610
5662581
5751597
5751613
5751614
5751640
5751630
5751632
5751636
5751634
5751582
5751635
5751618
5751594
4779360
5751625
5622317
5599956
4568221
5751626
5663916
5751628
4699967
5751631
5751643
5021701
5751617
5751637
5751651
5499940
5751621
4694796
5751627
5751629
5751641
5751639
5734092
5751665
5751638
5751624
5751655
5748466
5746221
4291750
5751654
5751648
4787607
4147351
5751649
5751642
5751633
5751650
5751667
4878904
5751673
5158088
5751683
5751664
5746244
5751678
5751646
5751674
5739311
5751666
5751659
5751669
5751680
5751672
5751690
5751677
5751653
5754869
5751644
4888309
4843607
5751611
4906278
5751694
5751660
5751685
5751704
5751705
4704031
5751697
5751691
5751699
5751645
5099397
5754868
5751676
5751670
5747904
5323904
5617810
5751710
5746319
5751681
4855349
5025219
4385333
5750177
5748857
5751687
5751698
5751656
5329421
5751700
5751692
5846215
5751686
5751724
5751688
5751657
5751701
5751668
5749513
5751709
5751719
3863137
5751714
5751696
5512588
5751734
5846216
5751679
5751728
5751713
5751738
5751711
5751732
5314695
5751723
5751725
5751693
4028741
5751729
5751722
5751735
5751740
5751736
4739524
5744455
5751707
5751737
5751708
5751753
5189517
5751727
5751717
5751747
5751749
5032058
5751750
4321479
5751743
5751770
5751721
5751748
5751731
5751744
5751759
5751756
5751765
5751741
4712836
5751760
5751769
5751730
5751773
5751757
5499175
5754890
5751726
5751742
5751782
5751775
5473890
5751776
5751706
5751761
5751702
4720573
5751772
5751715
5751755
5751764
5751758
5751774
5751779
5751752
5751718
5751767
5751783
5552965
5751762
5751739
5751795
5751763
5730498
5751785
5751797
5751780
4322362
4799092
5751720
5751746
5751754
5751788
5751789
4711398
5751791
5751800
5751768
5751790
5499274
5751815
5751823
5751801
5751803
5746934
5751816
5751817
5751810
5751796
5751808
5751786
5751814
5751798
5751827
5751802
5751831
5751794
5751828
5751745
5751829
4945239
5751811
5751792
5751804
5751793
5751807
5751781
5751821
5751834
5751835
5751843
5751771
5751853
5751845
5751813
5745999
5751830
5751849
5751838
5751859
5751850
5751860
5751839
5751840
5751842
5743876
5751854
5751844
5751836
5751778
5751846
5751809
5751832
5751865
5751833
5751851
5751856
5751857
5751820
5751872
5751841
5751862
5751863
5751868
5527929
3984512
5751870
5751799
5348774
4670877
5639072
5657203
5279571
4450398
4807086
4693258
5653457
4892480
5472162
4997048
5509557
5846217
5751946
5751972
5751988
4452219
5751928
5751931
5751933
5510124
5751999
5751942
5751937
5751940
5751948
4908800
5221559
5751949
5751963
5751967
5751981
5751983
5751993
5751998
5751973
5751920
5751966
5751923
5751991
5751936
5751943
5751997
5744269
5751953
5751947
5751951
4827775
5146557
5751964
5751958
5751990
5751975
5156431
5751927
5751925
5751934
5751944
5748563
5436638
5751929
5751922
5751996
5752001
5751921
5751939
5751938
5846218
5751954
5751959
5752000
5751974
5144664
5752007
5751930
5752002
5752019
5751926
5751932
5751962
5751970
5752033
5752017
5751924
5751945
5752034
5752020
5752003
5752008
5751952
5107405
5752052
5752044
5752029
5752045
4870630
5751941
5751950
5751987
5752038
5752010
5752012
5752016
5752043
5752027
5751935
5631392
5752062
5752054
5752057
5752059
5752060
5752069
5752056
5752065
5751979
5752031
5751976
5752078
5752072
5752082
5752074
5751984
5752013
5751965
5752071
4850198
4380173
5754840
5752023
5752073
5752077
5752022
5752005
5752041
5752121
5752108
5752111
5271622
5752097
5724538
5433420
5306017
5752106
5752113
5544777
5752105
5752122
5749367
4712109
5752064
5752120
5752090
5752099
5531287
5514165
5752100
5752104
10653730
5752092
5752063
5752088
4895907
5746146
5514977
5752075
5752079
5752094
5752161
5752128
5752124
5752125
5752142
5752143
5752135
5752149
5752152
5846219
5510323
5752160
5752126
5752098
5752080
5752086
5754870
5752131
5752165
5752156
5752157
5752159
5689750
5047035
5752096
5752162
5752134
5752169
5748975
5752183
5745088
5752176
5752171
5752177
5752192
5752190
5752202
5752174
5752130
5752189
5439300
5752200
5752196
4555323
5752199
4965644
5752172
4315282
5752141
5752168
5752136
5752154
5752153
5752140
5752194
5752195
5752203
5752144
5752151
5752228
5752150
5752175
5752127
5752221
5752225
5752164
5752193
5752227
5752209
5752173
5752215
5752233
5752234
5752166
5752185
5752170
5752213
5752236
5752239
5752214
5752222
5752229
5752223
5752244
5752216
5752219
5752208
5752237
5752241
5752224
5752210
5752243
5752238
5752217
5752230
5752220
5752242
5752218
5752212
5621945
5754841
4647743
4995494
5585220
4636054
5296976
4312050
5292062
5292274
5749736
4704352
5731437
5748281
5754892
3847770
5621974
5026136
5754891
5651373
5581116
5519329
5737160
4903879
5752258
5752263
5752261
5752262
5752271
5752287
5621645
5290930
4711013
5748454
5342690
5663934
5745758
5751488
5293065
5441476
5754842
4893286
5745904
5749588
5094001
5752343
5752374
5739243
5752369
5735661
5752325
5752333
5752344
5752331
5752338
5752356
5752347
5752353
5752357
5752371
5752332
5752328
5752361
5752327
5752358
5749943
4293669
5042541
5752359
4954326
4553973
4899421
5745461
5587249
5846221
3880467
5747501
5752378
5747507
5752335
5752366
5752341
5752340
5752346
5752368
5752362
5752360
5752339
5752326
5752352
5752351
5752350
5752330
5752370
5752329
5752348
5752349
5752367
5752354
5752342
5735572
4907215
4769460
4860691
5747280
5739319
3878161
4373757
5752373
5752365
5752336
5750188
5752364
5752337
5752376
5752385
5746356
5846222
5752386
5752363
5752355
5752377
5752372
5752387
5752393
5752419
5752380
5754843
5752390
5752423
5752401
5752404
5752405
5752396
5752388
5745002
5752415
5752406
5752409
4618508
5752408
5752413
5531012
5752421
5752399
4654208
5752420
4419086
5752418
5752400
5752345
5754844
5752410
5752391
5752432
5752398
5752427
5752412
5752411
5752417
5754845
5752416
4120059
5752429
5752426
5752434
5752402
5752425
5752407
5752422
4757141
5752438
5752436
5752389
5752424
4667269
5752437
5752462
5752431
5752440
5752435
5752449
5752451
5652655
5752446
5752442
5282789
5752466
5752457
5752458
5620332
5752443
5752448
5752465
5717561
5668418
5752475
5632407
5752414
5752471
5240438
5752468
5750395
5752476
5752459
5752483
5752486
5752488
5564561
5752454
5752469
4854153
5752464
5752484
5752456
5752490
5752491
28835178
5752478
5752482
5752494
5752485
5752501
5752502
5752455
4956547
4621462
4867981
5609398
5576787
5748160
5752479
5623131
5749692
5846804
5749695
5748539
4370069
5752472
5752489
5752477
5752508
5752487
5752463
4737900
5752498
5748332
5752503
5752495
5752507
5752444
5752445
5752470
5013205
5752518
5752480
5752510
5752500
5752506
5846805
5752529
5752528
5772685
5613037
3997993
5752447
5752514
5752533
5752520
5752532
5752497
5607773
5631539
5752511
5752517
5752492
5752521
5644057
5551685
5752536
5752531
5752547
5752530
5687900
5752522
5752542
5752545
5752546
4617877
5752527
5752509
5752481
5752523
5752534
5752560
5746392
5752512
4684672
5752519
4322657
5752516
5752569
5752539
5752570
5752551
5752526
5752565
5752564
5752549
5577350
5752555
5752550
5752557
5752572
5752571
5752575
5752548
5752584
5752576
5752586
5754894
5064437
5752540
5752562
5752573
4582161
5752537
5752563
5752538
5019174
5752582
5752568
5752556
5752595
5752591
5752524
5752544
5752525
5752541
5752578
5752558
5752580
5752535
5722892
5752598
5752561
5846223
5586338
5631087
5268233
5752583
5752585
5752579
5752588
5752592
5752600
5745717
5752566
5752601
5752577
5752599
4936249
5752608
5752609
5752567
5752615
5752604
5752605
5752628
5752621
5752593
5752602
5752617
5466988
5752638
5745705
5752589
5005982
5748764
5752634
5224195
5752629
5752623
5752640
5752614
5752626
5752594
4995091
4999828
5752552
5752620
5752633
5752641
5752612
5752637
5752632
5561790
5752631
5752613
5752653
5752652
5744813
5752639
5752625
5752655
5752636
5752647
5752616
5752603
5752644
5752651
5635258
5752645
4500300
5752622
5583204
5510526
5739581
5752642
5606348
5752587
5752666
5752648
5752662
5752671
5752673
4908824
5752664
5752607
5752650
5752654
5752657
5754871
5752680
5752669
5752663
5752670
5752590
5752683
4891966
5752665
5752656
4908973
5752678
5554388
5629355
4908065
4340080
5120275
5752691
5752682
5752686
5752658
5752696
5752668
4292115
5752661
5752646
4712737
5752643
5290229
5752689
5846535
5742670
5752684
5752694
5431221
5752687
5752688
5752679
5752695
5676230
5752701
5752685
5752705
5846224
5752697
5752675
5752714
5752630
5752698
5752702
5754846
5752712
5754847
5752672
5752708
5752717
5752727
5752676
5199432
5752711
5752729
5675522
5752693
5752734
5044425
5752707
5752718
5752725
5752719
4833414
5752728
5752677
5752710
5752743
3990890
5752730
5745302
5752690
5752723
5752733
4965786
5752735
5752706
5752726
4029491
5752674
5752747
5752704
5752746
5754904
5752737
5846225
5752754
5752749
5752766
5846226
5752752
5754906
5752709
5752739
5752748
5752721
5752774
5752775
5752751
5752741
5752764
5752732
5440233
5752715
5752755
5752745
5752765
5752767
5752776
5616246
5752757
5752759
5752761
5752756
5752768
5015703
5752770
5752758
5752738
5752740
5752771
5752742
5752731
5752778
5752789
5752781
5752769
5752793
5752783
5311879
4928232
5752760
5752773
5731999
5752753
5271634
5752796
5752788
5634705
5752811
5752791
5752794
5752801
5752805
5752806
5752802
5752787
4967103
5752821
5752813
5748171
5752815
5846227
5752798
5752797
5752777
5507603
5752820
5752822
5752803
5752804
5752782
5752795
5752816
5752807
5752835
5752823
5752744
5752780
5752833
5752847
5752809
5752763
5140137
5752840
5752849
5752830
5671265
5752852
5752832
5752834
5752808
5743208
5752838
5752844
5752812
4944438
5752790
5754850
5752831
5752799
5752843
5752819
5754848
5752846
4014240
4825259
5752862
5752864
4790479
5752845
5752792
4898787
5752829
5752860
5752827
5752817
5752818
5752854
5752839
5752837
5752856
5752855
5752848
5159664
5752851
5752842
4732737
5752863
5752867
5028395
5752853
5744799
5523774
5752871
5509348
5752866
5752875
5514677
5322297
5752841
5752876
5748808
5752877
5017070
5603989
5752891
5752873
5752857
5752874
5744099
4680028
5752858
5752882
5752895
5752887
5752886
5752888
5752868
5188659
5752865
5752890
5752880
5120566
5752885
5752872
4794021
5752896
5752883
5752900
5752902
5752878
5754872
5752893
5752904
5752889
5752906
5752879
5752894
5748579
5652301
4675136
5752897
5752910
5752901
5752911
5752899
5752912
5752907
5752908
5752898
5752903
5752924
5752932
5752933
5752934
5752921
5752923
5752939
5752940
5752926
5752943
5752944
5752930
5752915
5752919
5752909
5752949
5752925
5752951
5752892
5752884
5752920
5752960
5752950
5752938
5752953
5752917
5752918
5752959
5752971
5337260
5752946
5752968
5752972
5752974
5752952
5752967
5752969
5752948
3937352
5752961
5752942
5752983
5752984
4564519
5752973
5752987
5752962
5752929
5752993
5752964
5642702
4305497
5752995
5752980
5752937
5173889
5752941
5752992
5752966
5753007
5190181
5752981
5752990
5753009
5753010
5752991
5752999
5752986
5753015
5753001
5753002
3985160
5752947
5753008
5753004
5753011
5753006
5753022
5732300
5753003
5753017
4973309
5752998
4829063
5742260
5753013
5753012
5753000
5753028
5753043
5753040
5753026
5753036
5753041
5753018
5753027
5661048
5753042
5121937
5753030
5649867
5753044
5753024
5649872
5753050
5753035
5753046
5753016
5753037
5752997
5753021
5753005
5225978
5753051
5753034
5753052
5753045
5753053
5753055
5753047
5333102
5753056
5753031
5753060
5753069
5753054
5753073
5753029
5753080
5748199
5753049
5753032
5753070
5754895
5753072
5753074
5753077
5753039
5744723
5753078
5753062
5753019
5753064
5317533
5753082
5753084
5753088
5753092
5753094
5753079
5741053
5629183
5526262
5753066
5753067
5753033
5753085
5753083
5753098
5753086
5658922
5050669
5753075
5753100
5753038
5753089
5508684
5753112
5753063
5753115
5753058
5753103
5753023
5753104
5753106
5753071
5753101
5753109
5260944
5753093
5753091
5753095
5753065
5753097
5753105
5753099
5748972
5748976
5753129
5753119
5753110
5753118
5753111
5753120
5753113
5753116
5535267
5753117
5753126
5753108
5753102
5753131
5753146
5753132
5753141
5753128
5753130
5753144
5753133
5753156
5649122
5753148
5753135
5753159
5753122
5753124
5753163
5753157
5753158
5753160
5753161
5753152
5625038
5753153
5753164
5753154
5753121
5753149
5753168
5733313
4780207
5753137
5753177
5753142
5753162
5753169
5753172
5753165
5753147
5753166
5753134
5753182
5753183
5753191
5753173
5753175
5753179
5753188
5754873
5753192
5753205
5753208
5753195
4586756
5753197
5753210
5753203
5753204
5846228
4278012
5753193
5846229
5753207
5753184
4197100
5753178
5753198
5753186
5753140
5753202
5753211
5753145
5585515
4643220
4771654
4484799
5025176
5250961
5293260
5753170
5296624
5749612
5745459
5749657
5846230
5753206
5753214
5753215
4001871
5747224
5735762
4854071
4404289
5753226
4523580
5846231
5753196
5753155
5753213
5753231
5753216
5753217
5716961
5753151
5753201
5753209
5753229
5554549
5753194
3976204
5753223
5753236
5753227
5358966
5625233
5750131
5753150
5753181
5495833
5753220
5753245
5753222
5753242
5753233
5753235
5753247
5753199
5577739
5735314
5753228
5753238
5747299
5753230
5753239
5753255
5753241
5753251
4110868
5753232
5753243
5753253
5753252
5753219
5753258
4956450
5753240
5753267
5342702
5753274
5753264
5753244
5753249
5753256
5754907
5753189
5753261
5753234
5753270
4930093
5753272
5753248
5753263
5753212
5753250
5753269
5753277
5753279
5753262
5753275
5753271
5744887
5753286
5753282
5753283
5347831
5615881
5753265
3991155
5753276
5753237
5753287
5753266
5753297
5753305
5753307
5753296
5753298
5753257
5753301
5753288
5150639
5653694
5310227
5753289
5753304
5753290
5753284
5497149
5753308
5753318
5753315
5753300
5753321
5753299
5753285
5753312
5753310
5753327
5753316
5753317
5753319
5744192
5753303
5753260
5753325
5753314
5753328
4887441
5753309
5753333
5753322
5753330
5753302
5753326
5753293
5846233
5753342
5335509
5753344
5753355
5753349
5753348
5753346
5483438
5753292
5563299
4937942
5753350
5753337
5376058
5753338
5753356
5753340
5753331
5754900
5753341
5753354
5753320
5237013
5614526
5753343
5753332
5753358
5753335
5753360
5753368
5753366
5753367
5753351
5753361
5717539
5846234
4325685
5753365
5753353
5753363
5753339
5753357
5753369
5753378
5846235
5664662
5753398
5753385
5753399
5538883
5753376
5117903
5753392
5753390
5753377
5753362
5753395
5753396
5753364
5753404
5753375
5746785
5753389
5753379
5753381
5753401
5753400
5753384
5753407
4110750
5753403
5753391
5753408
5531199
5753393
5753412
5753427
5753414
5753418
5753405
5753409
5753428
5753382
5207949
5209817
5753433
5753423
5753424
5753443
5753429
5753416
5753425
5753435
5753426
5753445
5753421
5753432
5753402
5753372
5753439
5754875
5748582
5753394
5753431
5753373
5753441
5753451
5732666
5753417
5753453
5753415
5753455
5492610
5753449
5753446
5753436
5747157
5649367
5753459
5753466
5753452
5753422
5753462
5753468
5753472
5753454
5753447
5753438
5753440
5753388
5753463
5753471
5753460
5753473
5753450
5753448
5753479
5753442
5753467
5753465
5753470
5753469
5753482
5753483
5753474
5753476
5753457
5753461
5753481
5753430
5744555
5094635
5317296
4237066
5846236
5753458
5753493
5753464
5753504
5753495
5753492
5753478
5753497
5753499
5753514
5754851
5846237
5754852
4763139
5365530
5092136
5512985
5846239
5748832
5317245
4736399
5657743
4577103
5846238
4587049
5846241
4755671
5753558
5753565
5471009
5753589
5753601
5753557
5753559
5753564
5753606
5753566
5753560
5753585
5753583
5753595
5753590
5754853
5753605
5753573
5753586
5753591
5753604
5753607
5753567
5753570
5753571
5753569
5753563
5753568
5753572
5753584
5753580
5753577
5753561
5753576
5753588
5753609
5753592
5753594
5753600
5753602
5846240
5753593
5753614
5753597
5437621
5753622
5753616
4853701
5753575
5753619
5753628
5753562
5753608
5753629
5753612
5753615
5753620
5753626
5753621
5753625
5753648
5753624
5673286
5743019
5753630
5753582
5753579
5753654
5753636
5753639
5753658
5753651
5753644
5753643
5753650
5753642
5753641
5753574
5456540
5753623
5753633
5753667
5753618
5753631
5753669
5753656
5753662
5753646
5753676
5753668
5753671
5753632
5753672
5753659
5753661
5753674
5753649
5753677
5753682
5753670
5753685
5753673
5753645
5753675
5753679
5753692
5753695
5753696
5405890
5753705
5753697
5753687
5754876
5753701
5753680
5753711
5753703
5753693
5753698
5753666
5753702
5753712
5753690
5753706
5753707
5753717
5753653
5753714
5753635
5753730
5753715
5753708
5013489
5612960
5753704
5664955
5742505
5753724
5753718
5753716
5753709
5753727
5753728
5753720
5186947
5753719
5747322
5739094
5664468
5746773
5753691
5753699
5753700
5753738
5753723
5753726
5753733
5753725
5753736
5753664
5753721
5753737
5753743
5753749
5753681
5753735
5753742
5753732
5753740
5753754
5753756
5753757
5745286
5620799
5663685
5753760
5753731
5753748
5753747
5753746
5753745
4738531
5753776
5753752
5753741
5753751
5753767
5736777
5753768
4329094
5753759
5753771
5753750
5753777
5753729
4045622
5772686
5754854
5753766
5641995
5753755
5638909
4574354
5016273
5753770
4647300
5667756
5754855
5753772
5584621
5753775
5753744
5753739
5753784
5753799
5753779
5753786
5753769
4899020
5122909
5753774
3977053
5753789
5742557
5753794
5753797
3995105
5753814
5753764
5753782
5753805
5753806
5753778
5753807
5753795
5753808
5753800
5421731
5754905
5753802
5735850
4853641
5271203
5498785
5753803
5748327
5062889
4389050
5739700
5753790
5753818
5753796
5753758
5749498
5753801
5754897
5608031
5753822
5753788
5753815
5753831
5753828
5753819
5753798
5608314
5753820
5753830
5753781
5753763
4933954
5661563
4795324
5753791
5753826
5621651
5753834
5736180
5735396
5753835
5753837
5753836
5753846
5753852
5753841
5753804
5753844
5753783
5753765
5753832
5753827
5090672
5753847
5753809
5492115
5753857
5753840
5753853
5753845
5753829
5753848
5753821
5753838
5753859
5753861
5753816
5753862
5753833
5753866
5753856
5753864
5753849
5753880
5753871
5753873
5753875
5753855
5753877
5753868
5753882
5753869
5753876
5753884
5753891
5753879
5753860
5303727
5753878
5753851
5753901
4121604
4712033
5753874
5753905
5753865
4796581
4645302
5753892
5753904
4427664
5753903
5753888
5753902
4027616
4682810
5753893
5753886
5295104
5753894
5158284
5753908
5753919
4510098
4552915
4465561
5753899
5753883
5753914
5753916
5753925
5753906
5753907
5753867
4566229
5606473
5502895
5753921
5753912
5753931
5754878
5754877
5753842
5754879
5753926
5753927
5745115
5753870
5753889
5754856
5753910
5753909
5753895
5753930
5753924
5753935
5753934
5753898
5753939
5753928
5617260
5520070
5750170
5685539
5753922
5753949
5753900
5599518
5753941
5753943
5753915
5753942
4562483
5615534
5753932
5746531
5753929
5753937
5753950
5753940
5753936
5753938
5753964
5753918
5753896
5308292
5753958
5753961
5753952
5753951
5753959
5753977
5753963
5753954
5753967
5753968
5753944
5753960
5753945
3911888
5753965
5753966
5270375
5753972
5753993
5753994
5753969
5753986
5753955
5753988
5089456
5753980
5754001
5753981
5753990
5753983
5753996
5753973
5753976
5753997
5753979
5753971
5753970
5753953
5753992
5753995
5754012
5478390
5753989
5753991
5754025
5753998
5754007
5212935
5754000
5754008
5753982
5754020
5244578
5754004
5754013
5754024
5753985
5754016
5754017
5754019
5846242
5754029
5754010
5753987
5754032
5754033
5754006
5152010
5754034
5347919
5754002
5754042
5754037
5754021
5754014
5571550
5754035
5754028
5306271
5754009
5754018
5754036
5754045
5754022
5754039
5298827
5754052
5754058
5754040
5754043
5754053
4993474
5754054
5754055
5754003
4872035
5754056
5645461
5754023
5754005
5238860
5754027
5754050
5467334
5754030
5754011
5754026
5520795
4678120
5754085
5754063
5754075
5754074
5653184
5754087
4797755
5754077
5754083
5754049
5754069
5162158
5754059
5754096
5754064
5754076
5754062
5754086
5754067
5754079
5754048
5223589
5754093
5754084
5754041
5623484
5754098
5754071
5754061
5754100
5846243
5754068
5754080
5754089
5754090
5754091
4760804
5754102
5754097
5754099
5754114
5754116
5754105
5754106
5754088
5754082
5754103
5754072
5754126
5754124
5846244
5663161
5754108
5754101
5749863
5754110
5754122
5754112
5754115
5208940
5209695
5207074
5754113
5754127
5154159
5754129
5754117
5754118
5754133
5745966
5754120
5754111
5754135
5754134
5646137
5754136
5754125
5754128
5754148
5754142
5846245
5754143
5754121
5754146
5754109
5754147
5754137
5754131
5754140
5730469
5754155
4793823
5754145
5754144
5754153
5754138
5754154
5754168
5754149
5754159
5754160
5754150
5754157
5249828
4704964
5000725
5754141
5754179
5754182
5754156
5754161
5754170
5446417
5754190
5754183
5754158
5754162
5754177
5754174
5744102
5754175
5754165
5754164
5754181
5754201
5754202
5754191
5754203
5754186
5754187
5754188
5754200
5754180
5754178
5754206
5754195
5754193
5754189
5754199
5754198
5754176
5754207
5598668
5754208
5754194
5754205
5754213
5754197
5754219
5754209
5754192
5754211
5754196
5754204
5754212
5754228
5754230
5754231
5748686
5754224
5754215
5754234
5754245
5754226
5748688
5305284
5748690
5754220
5754241
5754232
4762898
5754238
5754240
5754247
5754261
5754255
5754236
5754210
5754268
5754252
5754269
5754256
5754227
5754242
5374865
5683538
5754251
5754263
5754233
5754271
5754272
5754273
5754254
5754267
5683183
5754281
5754274
5754276
5754257
5754266
5754260
5754265
5754283
5754217
5754259
5747326
5754280
5754294
5754295
5754277
5754243
5754302
5754275
3851572
5754279
5754287
5754239
5754304
5754305
5754292
5754301
5754303
5754250
5754297
3884659
5754306
5754307
5754321
5754308
5754314
5754289
5754311
5633620
5461700
5754316
5754328
5754298
5754312
5754319
5754258
5754296
5754320
4802600
5754291
5754313
5628997
5754331
4618592
5246564
5754333
5754323
5754282
5754286
5754901
5754325
28835208
5250636
5754347
5754329
5754317
5754330
5754341
5754352
5754310
5754326
5754335
5754346
5754345
5754348
5754337
5754338
5754339
5754351
5754349
5754309
5754318
5754334
5754336
5754356
5754332
5754354
5342698